%YAML:1.0
cameraMatrix: !!opencv-matrix
   rows: 3
   cols: 3
   dt: d
   data: [ 8.6164270788120587e+02, 0., 5.3823285135987737e+02, 0.,
       8.6517495566025445e+02, 3.4228971857458492e+02, 0., 0., 1. ]
imageSize_width: 1056
imageSize_height: 704
sensorSize_width: 0
sensorSize_height: 0
distCoeffs: !!opencv-matrix
   rows: 5
   cols: 1
   dt: d
   data: [ -1.8350151786936081e-01, 1.0612984504059318e-01,
       -2.6235397435942862e-03, 1.8873491876462540e-03,
       1.5296789529534930e-02 ]
reprojectionError: 1.4566883444786072e-01
features:
   - { points:[ 5.9855291748046875e+02, 4.7750314331054688e+02,
       5.5322802734375000e+02, 4.7693563842773438e+02,
       5.0659637451171875e+02, 4.7622735595703125e+02,
       4.5896295166015625e+02, 4.7532641601562500e+02,
       4.1001782226562500e+02, 4.7419769287109375e+02,
       3.5997885131835938e+02, 4.7288607788085938e+02,
       3.0929592895507812e+02, 4.7132525634765625e+02,
       2.5775851440429688e+02, 4.6965582275390625e+02,
       2.0562918090820312e+02, 4.6766131591796875e+02,
       1.5294290161132812e+02, 4.6561465454101562e+02,
       6.0203442382812500e+02, 4.3069494628906250e+02,
       5.5644927978515625e+02, 4.2953091430664062e+02,
       5.0970245361328125e+02, 4.2799157714843750e+02,
       4.6183407592773438e+02, 4.2650134277343750e+02,
       4.1258175659179688e+02, 4.2470419311523438e+02,
       3.6245104980468750e+02, 4.2285247802734375e+02,
       3.1153405761718750e+02, 4.2068249511718750e+02,
       2.5963668823242188e+02, 4.1864608764648438e+02,
       2.0731968688964844e+02, 4.1634127807617188e+02,
       1.5453890991210938e+02, 4.1371737670898438e+02,
       6.0532910156250000e+02, 3.8352175903320312e+02,
       5.5978594970703125e+02, 3.8152404785156250e+02,
       5.1277294921875000e+02, 3.7941470336914062e+02,
       4.6479702758789062e+02, 3.7722680664062500e+02,
       4.1550833129882812e+02, 3.7481912231445312e+02,
       3.6505679321289062e+02, 3.7237106323242188e+02,
       3.1405026245117188e+02, 3.6972525024414062e+02,
       2.6198489379882812e+02, 3.6709127807617188e+02,
       2.0938542175292969e+02, 3.6431869506835938e+02,
       1.5637692260742188e+02, 3.6141360473632812e+02,
       6.0879058837890625e+02, 3.3609365844726562e+02,
       5.6315270996093750e+02, 3.3339096069335938e+02,
       5.1601489257812500e+02, 3.3054577636718750e+02,
       4.6785745239257812e+02, 3.2757403564453125e+02,
       4.1850515747070312e+02, 3.2457708740234375e+02,
       3.6792352294921875e+02, 3.2163479614257812e+02,
       3.1666717529296875e+02, 3.1848870849609375e+02,
       2.6461151123046875e+02, 3.1534606933593750e+02,
       2.1184906005859375e+02, 3.1214456176757812e+02,
       1.5883451843261719e+02, 3.0873315429687500e+02,
       6.1198480224609375e+02, 2.8831768798828125e+02,
       5.6638140869140625e+02, 2.8484014892578125e+02,
       5.1927703857421875e+02, 2.8145523071289062e+02,
       4.7115353393554688e+02, 2.7768057250976562e+02,
       4.2165661621093750e+02, 2.7428021240234375e+02,
       3.7109027099609375e+02, 2.7062673950195312e+02,
       3.1979852294921875e+02, 2.6699142456054688e+02,
       2.6762484741210938e+02, 2.6332266235351562e+02,
       2.1485293579101562e+02, 2.5962396240234375e+02,
       1.6165760803222656e+02, 2.5587423706054688e+02,
       6.1530609130859375e+02, 2.4065658569335938e+02,
       5.6960119628906250e+02, 2.3640588378906250e+02,
       5.2265063476562500e+02, 2.3215895080566406e+02,
       4.7451226806640625e+02, 2.2784373474121094e+02,
       4.2508230590820312e+02, 2.2359729003906250e+02,
       3.7445962524414062e+02, 2.1948114013671875e+02,
       3.2324615478515625e+02, 2.1533074951171875e+02,
       2.7101629638671875e+02, 2.1124479675292969e+02,
       2.1827244567871094e+02, 2.0709074401855469e+02,
       1.6480737304687500e+02, 2.0302339172363281e+02,
       6.1847436523437500e+02, 1.9276106262207031e+02,
       5.7285607910156250e+02, 1.8781399536132812e+02,
       5.2579919433593750e+02, 1.8286242675781250e+02,
       4.7785485839843750e+02, 1.7807830810546875e+02,
       4.2845285034179688e+02, 1.7318226623535156e+02,
       3.7808197021484375e+02, 1.6843376159667969e+02,
       3.2681137084960938e+02, 1.6365240478515625e+02,
       2.7476129150390625e+02, 1.5909735107421875e+02,
       2.2183456420898438e+02, 1.5457119750976562e+02,
       1.6853446960449219e+02, 1.4983177185058594e+02 ] }
   - { points:[ 7.0160052490234375e+02, 4.8543789672851562e+02,
       6.5798449707031250e+02, 4.8518167114257812e+02,
       6.1342834472656250e+02, 4.8457336425781250e+02,
       5.6810839843750000e+02, 4.8412127685546875e+02,
       5.2198742675781250e+02, 4.8347814941406250e+02,
       4.7509475708007812e+02, 4.8259619140625000e+02,
       4.2784710693359375e+02, 4.8147515869140625e+02,
       3.8014413452148438e+02, 4.8027685546875000e+02,
       3.3230514526367188e+02, 4.7881793212890625e+02,
       2.8445611572265625e+02, 4.7724508666992188e+02,
       7.1023248291015625e+02, 4.4730264282226562e+02,
       6.6572015380859375e+02, 4.4662634277343750e+02,
       6.1990905761718750e+02, 4.4592980957031250e+02,
       5.7354034423828125e+02, 4.4492950439453125e+02,
       5.2618511962890625e+02, 4.4396621704101562e+02,
       4.7803945922851562e+02, 4.4282397460937500e+02,
       4.2955364990234375e+02, 4.4159271240234375e+02,
       3.8040707397460938e+02, 4.4022882080078125e+02,
       3.3134292602539062e+02, 4.3866317749023438e+02,
       2.8216506958007812e+02, 4.3651889038085938e+02,
       7.1929089355468750e+02, 4.0729232788085938e+02,
       6.7365533447265625e+02, 4.0622769165039062e+02,
       6.2681719970703125e+02, 4.0499340820312500e+02,
       5.7926989746093750e+02, 4.0374145507812500e+02,
       5.3054290771484375e+02, 4.0239306640625000e+02,
       4.8115231323242188e+02, 4.0089016723632812e+02,
       4.3133911132812500e+02, 3.9923062133789062e+02,
       3.8089459228515625e+02, 3.9757415771484375e+02,
       3.3044976806640625e+02, 3.9574606323242188e+02,
       2.7987039184570312e+02, 3.9381390380859375e+02,
       7.2853320312500000e+02, 3.6526037597656250e+02,
       6.8184857177734375e+02, 3.6366345214843750e+02,
       6.3395104980468750e+02, 3.6199005126953125e+02,
       5.8517584228515625e+02, 3.6023693847656250e+02,
       5.3521496582031250e+02, 3.5841375732421875e+02,
       4.8439541625976562e+02, 3.5655505371093750e+02,
       4.3326876831054688e+02, 3.5470178222656250e+02,
       3.8153161621093750e+02, 3.5274902343750000e+02,
       3.2970794677734375e+02, 3.5084194946289062e+02,
       2.7784124755859375e+02, 3.4847402954101562e+02,
       7.3812158203125000e+02, 3.2097839355468750e+02,
       6.9042315673828125e+02, 3.1878927612304688e+02,
       6.4130377197265625e+02, 3.1647100830078125e+02,
       5.9133215332031250e+02, 3.1444381713867188e+02,
       5.4006555175781250e+02, 3.1204440307617188e+02,
       4.8805429077148438e+02, 3.0979974365234375e+02,
       4.3549652099609375e+02, 3.0752331542968750e+02,
       3.8238543701171875e+02, 3.0537365722656250e+02,
       3.2911743164062500e+02, 3.0302407836914062e+02,
       2.7578430175781250e+02, 3.0076260375976562e+02,
       7.4792529296875000e+02, 2.7452795410156250e+02,
       6.9917242431640625e+02, 2.7166809082031250e+02,
       6.4896130371093750e+02, 2.6873342895507812e+02,
       5.9771838378906250e+02, 2.6597836303710938e+02,
       5.4544744873046875e+02, 2.6324200439453125e+02,
       4.9180706787109375e+02, 2.6051748657226562e+02,
       4.3802288818359375e+02, 2.5789477539062500e+02,
       3.8348059082031250e+02, 2.5531871032714844e+02,
       3.2863763427734375e+02, 2.5278683471679688e+02,
       2.7403213500976562e+02, 2.5043856811523438e+02,
       7.5804663085937500e+02, 2.2560679626464844e+02,
       7.0826037597656250e+02, 2.2211456298828125e+02,
       6.5677893066406250e+02, 2.1854844665527344e+02,
       6.0441467285156250e+02, 2.1501051330566406e+02,
       5.5078796386718750e+02, 2.1170845031738281e+02,
