%YAML:1.0
cameraMatrix: !!opencv-matrix
   rows: 3
   cols: 3
   dt: d
   data: [ 8.5699114630170220e+02, 0., 5.3434100536736469e+02, 0.,
       8.6101010556648134e+02, 3.3579085625941605e+02, 0., 0., 1. ]
imageSize_width: 1056
imageSize_height: 704
sensorSize_width: 0
sensorSize_height: 0
distCoeffs: !!opencv-matrix
   rows: 5
   cols: 1
   dt: d
   data: [ -1.8902950486500980e-01, 1.3069178247421165e-01,
       -2.9016568922106351e-03, 7.6950308145413255e-04,
       -7.6282854557803374e-03 ]
reprojectionError: 1.1720711737871170e-01
features:
   - { points:[ 6.9939959716796875e+02, 4.3904797363281250e+02,
       6.7088146972656250e+02, 4.3743902587890625e+02,
       6.4270812988281250e+02, 4.3586492919921875e+02,
       6.1495886230468750e+02, 4.3437252807617188e+02,
       5.8749597167968750e+02, 4.3272808837890625e+02,
       5.6041113281250000e+02, 4.3111950683593750e+02,
       5.3381372070312500e+02, 4.2942929077148438e+02,
       5.0757009887695312e+02, 4.2778338623046875e+02,
       4.8179162597656250e+02, 4.2615664672851562e+02,
       4.5662481689453125e+02, 4.2454595947265625e+02,
       7.0048706054687500e+02, 4.1038775634765625e+02,
       6.7191436767578125e+02, 4.0905062866210938e+02,
       6.4364038085937500e+02, 4.0752633666992188e+02,
       6.1584881591796875e+02, 4.0617752075195312e+02,
       5.8831176757812500e+02, 4.0478021240234375e+02,
       5.6115557861328125e+02, 4.0347122192382812e+02,
       5.3454516601562500e+02, 4.0216360473632812e+02,
       5.0818630981445312e+02, 4.0065789794921875e+02,
       4.8249884033203125e+02, 3.9929598999023438e+02,
       4.5715649414062500e+02, 3.9770739746093750e+02,
       7.0155718994140625e+02, 3.8165576171875000e+02,
       6.7281976318359375e+02, 3.8046066284179688e+02,
       6.4456347656250000e+02, 3.7938681030273438e+02,
       6.1669281005859375e+02, 3.7825445556640625e+02,
       5.8914367675781250e+02, 3.7691360473632812e+02,
       5.6196374511718750e+02, 3.7566510009765625e+02,
       5.3526092529296875e+02, 3.7453326416015625e+02,
       5.0889370727539062e+02, 3.7345046997070312e+02,
       4.8302697753906250e+02, 3.7217727661132812e+02,
       4.5765930175781250e+02, 3.7094256591796875e+02,
       7.0249011230468750e+02, 3.5293768310546875e+02,
       6.7379998779296875e+02, 3.5196392822265625e+02,
       6.4537451171875000e+02, 3.5101922607421875e+02,
       6.1759075927734375e+02, 3.4996295166015625e+02,
       5.8992169189453125e+02, 3.4904458618164062e+02,
       5.6264495849609375e+02, 3.4800814819335938e+02,
       5.3586712646484375e+02, 3.4699237060546875e+02,
       5.0957049560546875e+02, 3.4609832763671875e+02,
       4.8364938354492188e+02, 3.4514648437500000e+02,
       4.5839306640625000e+02, 3.4418722534179688e+02,
       7.0343463134765625e+02, 3.2414590454101562e+02,
       6.7467376708984375e+02, 3.2342712402343750e+02,
       6.4633850097656250e+02, 3.2258624267578125e+02,
       6.1837854003906250e+02, 3.2167156982421875e+02,
       5.9065283203125000e+02, 3.2094857788085938e+02,
       5.6339794921875000e+02, 3.2027685546875000e+02,
       5.3667333984375000e+02, 3.1946554565429688e+02,
       5.1023889160156250e+02, 3.1867837524414062e+02,
       4.8428784179687500e+02, 3.1801684570312500e+02,
       4.5892718505859375e+02, 3.1740835571289062e+02,
       7.0425384521484375e+02, 2.9527865600585938e+02,
       6.7547082519531250e+02, 2.9470846557617188e+02,
       6.4708691406250000e+02, 2.9393597412109375e+02,
       6.1916296386718750e+02, 2.9351602172851562e+02,
       5.9143151855468750e+02, 2.9275939941406250e+02,
       5.6414343261718750e+02, 2.9235971069335938e+02,
       5.3733563232421875e+02, 2.9175759887695312e+02,
       5.1097839355468750e+02, 2.9135903930664062e+02,
       4.8494110107421875e+02, 2.9078741455078125e+02,
       4.5958468627929688e+02, 2.9040737915039062e+02,
       7.0499951171875000e+02, 2.6636044311523438e+02,
       6.7627325439453125e+02, 2.6579177856445312e+02,
       6.4779443359375000e+02, 2.6547753906250000e+02,
       6.1987396240234375e+02, 2.6496624755859375e+02,
       5.9220031738281250e+02, 2.6474996948242188e+02,
       5.6477429199218750e+02, 2.6443508911132812e+02,
       5.3814959716796875e+02, 2.6407662963867188e+02,
       5.1160723876953125e+02, 2.6372583007812500e+02,
       4.8561328125000000e+02, 2.6351580810546875e+02,
       4.6023037719726562e+02, 2.6333221435546875e+02 ] }
   - { points:[ 5.0664990234375000e+02, 4.9994940185546875e+02,
       4.6199432373046875e+02, 4.9807650756835938e+02,
       4.1824099731445312e+02, 4.9599414062500000e+02,
       3.7538449096679688e+02, 4.9374133300781250e+02,
       3.3344915771484375e+02, 4.9161276245117188e+02,
       2.9242852783203125e+02, 4.8918139648437500e+02,
       2.5263365173339844e+02, 4.8685638427734375e+02,
       2.1387414550781250e+02, 4.8432318115234375e+02,
       1.7617312622070312e+02, 4.8205920410156250e+02,
       1.3941850280761719e+02, 4.7935879516601562e+02,
       5.0733346557617188e+02, 4.5450006103515625e+02,
       4.6250338745117188e+02, 4.5277468872070312e+02,
       4.1854946899414062e+02, 4.5125061035156250e+02,
       3.7567153930664062e+02, 4.4942211914062500e+02,
       3.3354528808593750e+02, 4.4750204467773438e+02,
       2.9257330322265625e+02, 4.4572003173828125e+02,
       2.5267459106445312e+02, 4.4382211303710938e+02,
       2.1377801513671875e+02, 4.4188720703125000e+02,
       1.7612030029296875e+02, 4.3988107299804688e+02,
       1.3941716003417969e+02, 4.3789855957031250e+02,
       5.0787240600585938e+02, 4.0867092895507812e+02,
       4.6307037353515625e+02, 4.0748281860351562e+02,
       4.1907922363281250e+02, 4.0628433227539062e+02,
       3.7610552978515625e+02, 4.0471545410156250e+02,
       3.3400183105468750e+02, 4.0355786132812500e+02,
       2.9283541870117188e+02, 4.0215664672851562e+02,
       2.5303216552734375e+02, 4.0063055419921875e+02,
       2.1414485168457031e+02, 3.9927731323242188e+02,
       1.7632426452636719e+02, 3.9768634033203125e+02,
       1.3963345336914062e+02, 3.9630865478515625e+02,
       5.0857534790039062e+02, 3.6277389526367188e+02,
       4.6367123413085938e+02, 3.6209014892578125e+02,
       4.1962295532226562e+02, 3.6109133911132812e+02,
       3.7669378662109375e+02, 3.6028433227539062e+02,
       3.3452081298828125e+02, 3.5934988403320312e+02,
       2.9341366577148438e+02, 3.5845812988281250e+02,
       2.5357897949218750e+02, 3.5753930664062500e+02,
       2.1466073608398438e+02, 3.5646707153320312e+02,
       1.7680134582519531e+02, 3.5563485717773438e+02,
       1.4028736877441406e+02, 3.5460110473632812e+02,
       5.0938024902343750e+02, 3.1690200805664062e+02,
       4.6442996215820312e+02, 3.1638140869140625e+02,
       4.2039886474609375e+02, 3.1594650268554688e+02,
       3.7739526367187500e+02, 3.1558349609375000e+02,
       3.3537301635742188e+02, 3.1506439208984375e+02,
       2.9426892089843750e+02, 3.1463668823242188e+02,
       2.5443708801269531e+02, 3.1431399536132812e+02,
       2.1548176574707031e+02, 3.1381555175781250e+02,
       1.7760020446777344e+02, 3.1340393066406250e+02,
       1.4088928222656250e+02, 3.1297543334960938e+02,
       5.1000186157226562e+02, 2.7110122680664062e+02,
       4.6532482910156250e+02, 2.7091415405273438e+02,
       4.2125378417968750e+02, 2.7082376098632812e+02,
       3.7845318603515625e+02, 2.7080557250976562e+02,
       3.3631915283203125e+02, 2.7081274414062500e+02,
       2.9521078491210938e+02, 2.7088983154296875e+02,
       2.5538822937011719e+02, 2.7101324462890625e+02,
       2.1659477233886719e+02, 2.7118161010742188e+02,
       1.7878674316406250e+02, 2.7134811401367188e+02,
       1.4199903869628906e+02, 2.7138424682617188e+02,
       5.1087942504882812e+02, 2.2537854003906250e+02,
       4.6624356079101562e+02, 2.2557234191894531e+02,
       4.2228161621093750e+02, 2.2589164733886719e+02,
       3.7944189453125000e+02, 2.2630162048339844e+02,
       3.3744577026367188e+02, 2.2671726989746094e+02,
