%YAML:1.0
cameraMatrix: !!opencv-matrix
   rows: 3
   cols: 3
   dt: d
   data: [ 8.5870637521401352e+02, 0., 5.3233570159971180e+02, 0.,
       8.6239153755255836e+02, 3.5005578791633127e+02, 0., 0., 1. ]
imageSize_width: 1056
imageSize_height: 704
sensorSize_width: 0
sensorSize_height: 0
distCoeffs: !!opencv-matrix
   rows: 5
   cols: 1
   dt: d
   data: [ -1.9888458202178941e-01, 2.0439612172203603e-01,
       -1.9607635124403856e-03, 3.3749217290102997e-04,
       -1.4682684511088900e-01 ]
reprojectionError: 1.1320144683122635e-01
features:
   - { points:[ 3.3367803955078125e+02, 1.3966986083984375e+02,
       3.5998324584960938e+02, 1.4267115783691406e+02,
       3.8608673095703125e+02, 1.4566973876953125e+02,
       4.1176843261718750e+02, 1.4887217712402344e+02,
       4.3754302978515625e+02, 1.5182615661621094e+02,
       4.6325863647460938e+02, 1.5501724243164062e+02,
       4.8840612792968750e+02, 1.5810244750976562e+02,
       5.1349536132812500e+02, 1.6135043334960938e+02,
       5.3823950195312500e+02, 1.6443804931640625e+02,
       5.6268286132812500e+02, 1.6761778259277344e+02,
       3.3088046264648438e+02, 1.6508140563964844e+02,
       3.5722567749023438e+02, 1.6792630004882812e+02,
       3.8356530761718750e+02, 1.7085090637207031e+02,
       4.0951947021484375e+02, 1.7381057739257812e+02,
       4.3546759033203125e+02, 1.7673036193847656e+02,
       4.6123553466796875e+02, 1.7978639221191406e+02,
       4.8653009033203125e+02, 1.8277043151855469e+02,
       5.1169882202148438e+02, 1.8582647705078125e+02,
       5.3665545654296875e+02, 1.8880967712402344e+02,
       5.6122570800781250e+02, 1.9194267272949219e+02,
       3.2828787231445312e+02, 1.9054650878906250e+02,
       3.5477694702148438e+02, 1.9336647033691406e+02,
       3.8120962524414062e+02, 1.9618869018554688e+02,
       4.0740740966796875e+02, 1.9895703125000000e+02,
       4.3334332275390625e+02, 2.0192192077636719e+02,
       4.5919989013671875e+02, 2.0478617858886719e+02,
       4.8458151245117188e+02, 2.0772000122070312e+02,
       5.1012631225585938e+02, 2.1069607543945312e+02,
       5.3511822509765625e+02, 2.1345321655273438e+02,
       5.5973498535156250e+02, 2.1661911010742188e+02,
       3.2553482055664062e+02, 2.1641421508789062e+02,
       3.5226101684570312e+02, 2.1910086059570312e+02,
       3.7875732421875000e+02, 2.2187968444824219e+02,
       4.0509774780273438e+02, 2.2455654907226562e+02,
       4.3125903320312500e+02, 2.2740284729003906e+02,
       4.5723257446289062e+02, 2.3021952819824219e+02,
       4.8289285278320312e+02, 2.3284187316894531e+02,
       5.0827947998046875e+02, 2.3563520812988281e+02,
       5.3346978759765625e+02, 2.3850184631347656e+02,
       5.5828002929687500e+02, 2.4143176269531250e+02,
       3.2309167480468750e+02, 2.4249378967285156e+02,
       3.4977090454101562e+02, 2.4508753967285156e+02,
       3.7649981689453125e+02, 2.4767120361328125e+02,
       4.0282815551757812e+02, 2.5038760375976562e+02,
       4.2915359497070312e+02, 2.5301571655273438e+02,
       4.5526617431640625e+02, 2.5561593627929688e+02,
       4.8094100952148438e+02, 2.5844213867187500e+02,
       5.0658636474609375e+02, 2.6110516357421875e+02,
       5.3177343750000000e+02, 2.6366741943359375e+02,
       5.5671209716796875e+02, 2.6641574096679688e+02,
       3.2040982055664062e+02, 2.6864770507812500e+02,
       3.4737249755859375e+02, 2.7132635498046875e+02,
       3.7414349365234375e+02, 2.7388150024414062e+02,
       4.0058798217773438e+02, 2.7640130615234375e+02,
       4.2716714477539062e+02, 2.7898168945312500e+02,
       4.5331494140625000e+02, 2.8155499267578125e+02,
       4.7920547485351562e+02, 2.8402703857421875e+02,
       5.0483343505859375e+02, 2.8652447509765625e+02,
       5.3031408691406250e+02, 2.8904244995117188e+02,
       5.5534173583984375e+02, 2.9161206054687500e+02,
       3.1788800048828125e+02, 2.9545117187500000e+02,
       3.4501974487304688e+02, 2.9786880493164062e+02,
       3.7180325317382812e+02, 3.0038104248046875e+02,
       3.9847604370117188e+02, 3.0281387329101562e+02,
       4.2498098754882812e+02, 3.0538104248046875e+02,
       4.5139447021484375e+02, 3.0766006469726562e+02,
       4.7731838989257812e+02, 3.1013098144531250e+02,
       5.0310034179687500e+02, 3.1253271484375000e+02,
       5.2860900878906250e+02, 3.1485656738281250e+02,
       5.5372827148437500e+02, 3.1727218627929688e+02 ] }
   - { points:[ 2.0071211242675781e+02, 1.5945037841796875e+02,
       2.2977192687988281e+02, 1.5947529602050781e+02,
       2.5848690795898438e+02, 1.5950784301757812e+02,
       2.8627453613281250e+02, 1.5961642456054688e+02,
       3.1380895996093750e+02, 1.5974906921386719e+02,
       3.4062646484375000e+02, 1.6000717163085938e+02,
       3.6694232177734375e+02, 1.6035815429687500e+02,
       3.9274816894531250e+02, 1.6062882995605469e+02,
       4.1810104370117188e+02, 1.6087176513671875e+02,
       4.4264730834960938e+02, 1.6132890319824219e+02,
       2.0240667724609375e+02, 1.8773620605468750e+02,
       2.3150157165527344e+02, 1.8750595092773438e+02,
       2.6016156005859375e+02, 1.8719645690917969e+02,
       2.8810205078125000e+02, 1.8700088500976562e+02,
       3.1562069702148438e+02, 1.8680911254882812e+02,
       3.4262316894531250e+02, 1.8673274230957031e+02,
       3.6895953369140625e+02, 1.8667852783203125e+02,
       3.9476535034179688e+02, 1.8660479736328125e+02,
       4.2016278076171875e+02, 1.8670632934570312e+02,
       4.4475469970703125e+02, 1.8672755432128906e+02,
       2.0406037902832031e+02, 2.1613949584960938e+02,
       2.3336877441406250e+02, 2.1549034118652344e+02,
       2.6196411132812500e+02, 2.1492793273925781e+02,
       2.9006744384765625e+02, 2.1444448852539062e+02,
       3.1757635498046875e+02, 2.1393817138671875e+02,
       3.4467871093750000e+02, 2.1355560302734375e+02,
       3.7109414672851562e+02, 2.1329248046875000e+02,
       3.9694558715820312e+02, 2.1279582214355469e+02,
       4.2241156005859375e+02, 2.1249470520019531e+02,
       4.4713882446289062e+02, 2.1230990600585938e+02,
       2.0599488830566406e+02, 2.4458551025390625e+02,
       2.3531031799316406e+02, 2.4365417480468750e+02,
       2.6393820190429688e+02, 2.4286015319824219e+02,
       2.9211346435546875e+02, 2.4210110473632812e+02,
       3.1964779663085938e+02, 2.4132377624511719e+02,
       3.4678799438476562e+02, 2.4053964233398438e+02,
       3.7318527221679688e+02, 2.3975756835937500e+02,
       3.9922711181640625e+02, 2.3923115539550781e+02,
       4.2466696166992188e+02, 2.3856385803222656e+02,
       4.4941885375976562e+02, 2.3811219787597656e+02,
       2.0801147460937500e+02, 2.7342111206054688e+02,
       2.3728781127929688e+02, 2.7214443969726562e+02,
       2.6614077758789062e+02, 2.7100283813476562e+02,
       2.9419415283203125e+02, 2.6975128173828125e+02,
       3.2182046508789062e+02, 2.6867010498046875e+02,
       3.4898834228515625e+02, 2.6766137695312500e+02,
       3.7544326782226562e+02, 2.6674371337890625e+02,
       4.0146221923828125e+02, 2.6573605346679688e+02,
       4.2682943725585938e+02, 2.6468652343750000e+02,
       4.5160305786132812e+02, 2.6389697265625000e+02,
       2.1016152954101562e+02, 3.0236441040039062e+02,
       2.3945484924316406e+02, 3.0062911987304688e+02,
       2.6822509765625000e+02, 2.9921612548828125e+02,
       2.9635693359375000e+02, 2.9779010009765625e+02,
       3.2404956054687500e+02, 2.9639672851562500e+02,
       3.5124395751953125e+02, 2.9504653930664062e+02,
       3.7778918457031250e+02, 2.9377072143554688e+02,
       4.0374114990234375e+02, 2.9242932128906250e+02,
       4.2928634643554688e+02, 2.9124539184570312e+02,
       4.5403823852539062e+02, 2.9004318237304688e+02,
       2.1233639526367188e+02, 3.3152029418945312e+02,
       2.4164443969726562e+02, 3.2959082031250000e+02,
       2.7041403198242188e+02, 3.2765756225585938e+02,
       2.9866580200195312e+02, 3.2612005615234375e+02,
       3.2639309692382812e+02, 3.2425653076171875e+02,
