%YAML:1.0
cameraMatrix: !!opencv-matrix
   rows: 3
   cols: 3
   dt: d
   data: [ 5.1321098795483317e+02, 0., 3.1405222764911218e+02, 0.,
       5.1349316110515224e+02, 2.4800095934787058e+02, 0., 0., 1. ]
imageSize_width: 640
imageSize_height: 480
sensorSize_width: 0
sensorSize_height: 0
distCoeffs: !!opencv-matrix
   rows: 5
   cols: 1
   dt: d
   data: [ 2.3369961609952408e-01, -1.0433325852047211e+00,
       -1.4196412309537546e-04, -7.3118135778112011e-03,
       1.7863649866642639e+00 ]
reprojectionError: 3.0890432000160217e-01
features:
   - { points:[ 1.9838218688964844e+02, 9.6661491394042969e+01,
       2.1506123352050781e+02, 9.8533630371093750e+01,
       2.3170352172851562e+02, 1.0081843566894531e+02,
       2.4755242919921875e+02, 1.0249634552001953e+02,
       2.6362911987304688e+02, 1.0457501220703125e+02,
       2.7966290283203125e+02, 1.0635028076171875e+02,
       2.9506188964843750e+02, 1.0843079376220703e+02,
       3.0997653198242188e+02, 1.1028737640380859e+02,
       3.2551855468750000e+02, 1.1155458068847656e+02,
       3.4094088745117188e+02, 1.1367830657958984e+02,
       1.9733448791503906e+02, 1.1253887176513672e+02,
       2.1390870666503906e+02, 1.1421330261230469e+02,
       2.2997460937500000e+02, 1.1635672760009766e+02,
       2.4649549865722656e+02, 1.1811422729492188e+02,
       2.6272128295898438e+02, 1.2028906250000000e+02,
       2.7862426757812500e+02, 1.2164743041992188e+02,
       2.9398727416992188e+02, 1.2373717498779297e+02,
       3.0956591796875000e+02, 1.2547834777832031e+02,
       3.2511813354492188e+02, 1.2697090148925781e+02,
       3.3972222900390625e+02, 1.2902462768554688e+02,
       1.9601303100585938e+02, 1.2807655334472656e+02,
       2.1315602111816406e+02, 1.3043518066406250e+02,
       2.2957330322265625e+02, 1.3168655395507812e+02,
       2.4574053955078125e+02, 1.3378031921386719e+02,
       2.6180563354492188e+02, 1.3564466857910156e+02,
       2.7771014404296875e+02, 1.3750736999511719e+02,
       2.9355325317382812e+02, 1.3936111450195312e+02,
       3.0927365112304688e+02, 1.4091058349609375e+02,
       3.2420419311523438e+02, 1.4236613464355469e+02,
       3.3959539794921875e+02, 1.4428375244140625e+02,
       1.9538598632812500e+02, 1.4440795898437500e+02,
       2.1204966735839844e+02, 1.4575973510742188e+02,
       2.2895544433593750e+02, 1.4792805480957031e+02,
       2.4535879516601562e+02, 1.4964994812011719e+02,
       2.6136193847656250e+02, 1.5128517150878906e+02,
       2.7718078613281250e+02, 1.5340361022949219e+02,
       2.9297000122070312e+02, 1.5463085937500000e+02,
       3.0825857543945312e+02, 1.5574287414550781e+02,
       3.2356912231445312e+02, 1.5800950622558594e+02,
       3.3858120727539062e+02, 1.5949028015136719e+02,
       1.9414402770996094e+02, 1.6058042907714844e+02,
       2.1133961486816406e+02, 1.6214515686035156e+02,
       2.2760052490234375e+02, 1.6360697937011719e+02,
       2.4369575500488281e+02, 1.6532586669921875e+02,
       2.6016094970703125e+02, 1.6715522766113281e+02,
       2.7629022216796875e+02, 1.6861990356445312e+02,
       2.9169992065429688e+02, 1.7009600830078125e+02,
       3.0757543945312500e+02, 1.7150440979003906e+02,
       3.2300473022460938e+02, 1.7332774353027344e+02,
       3.3769906616210938e+02, 1.7460835266113281e+02,
       1.9291358947753906e+02, 1.7644499206542969e+02,
       2.0985395812988281e+02, 1.7768412780761719e+02,
       2.2684246826171875e+02, 1.7957743835449219e+02,
       2.4332119750976562e+02, 1.8141516113281250e+02,
       2.5944732666015625e+02, 1.8273635864257812e+02,
       2.7536248779296875e+02, 1.8406816101074219e+02,
       2.9127371215820312e+02, 1.8563394165039062e+02,
       3.0658630371093750e+02, 1.8718505859375000e+02,
       3.2182598876953125e+02, 1.8855683898925781e+02,
       3.3732818603515625e+02, 1.8961892700195312e+02,
       1.9152351379394531e+02, 1.9253024291992188e+02,
       2.0929040527343750e+02, 1.9419023132324219e+02,
       2.2562512207031250e+02, 1.9557110595703125e+02,
       2.4217390441894531e+02, 1.9704403686523438e+02,
       2.5839880371093750e+02, 1.9851786804199219e+02,
       2.7468032836914062e+02, 1.9994880676269531e+02,
       2.9014260864257812e+02, 2.0141995239257812e+02,
       3.0581375122070312e+02, 2.0250332641601562e+02,
       3.2152783203125000e+02, 2.0375736999511719e+02,
       3.3633584594726562e+02, 2.0496385192871094e+02 ] }
   - { points:[ 1.1439350128173828e+02, 1.0416779327392578e+02,
       1.3355935668945312e+02, 1.0478054046630859e+02,
       1.5237857055664062e+02, 1.0550428009033203e+02,
       1.7035600280761719e+02, 1.0635958862304688e+02,
       1.8789535522460938e+02, 1.0704666137695312e+02,
       2.0519937133789062e+02, 1.0766209411621094e+02,
       2.2164128112792969e+02, 1.0850445556640625e+02,
       2.3772596740722656e+02, 1.0938374328613281e+02,
       2.5336506652832031e+02, 1.0982888793945312e+02,
       2.6860333251953125e+02, 1.1037848663330078e+02,
       1.1634889221191406e+02, 1.2184162902832031e+02,
       1.3544239807128906e+02, 1.2224645996093750e+02,
       1.5404151916503906e+02, 1.2286483001708984e+02,
       1.7227586364746094e+02, 1.2352870941162109e+02,
       1.8966148376464844e+02, 1.2383670043945312e+02,
       2.0671299743652344e+02, 1.2437978363037109e+02,
       2.2332371520996094e+02, 1.2489938354492188e+02,
       2.3936959838867188e+02, 1.2546002197265625e+02,
       2.5524533081054688e+02, 1.2587346649169922e+02,
       2.7027539062500000e+02, 1.2604337310791016e+02,
       1.1794341278076172e+02, 1.3969497680664062e+02,
       1.3724372863769531e+02, 1.4005290222167969e+02,
       1.5590774536132812e+02, 1.4011650085449219e+02,
       1.7381605529785156e+02, 1.4043188476562500e+02,
       1.9148638916015625e+02, 1.4065869140625000e+02,
       2.0863441467285156e+02, 1.4112872314453125e+02,
       2.2496809387207031e+02, 1.4140855407714844e+02,
       2.4126290893554688e+02, 1.4159500122070312e+02,
       2.5679718017578125e+02, 1.4192723083496094e+02,
       2.7203955078125000e+02, 1.4201837158203125e+02,
       1.1960073852539062e+02, 1.5753228759765625e+02,
       1.3886254882812500e+02, 1.5747694396972656e+02,
       1.5755711364746094e+02, 1.5757989501953125e+02,
       1.7566133117675781e+02, 1.5767277526855469e+02,
       1.9340023803710938e+02, 1.5764096069335938e+02,
       2.1033886718750000e+02, 1.5763307189941406e+02,
       2.2709642028808594e+02, 1.5762687683105469e+02,
       2.4287921142578125e+02, 1.5771011352539062e+02,
       2.5855487060546875e+02, 1.5767668151855469e+02,
       2.7360675048828125e+02, 1.5771632385253906e+02,
       1.2146754455566406e+02, 1.7542834472656250e+02,
       1.4059494018554688e+02, 1.7508229064941406e+02,
       1.5931959533691406e+02, 1.7481790161132812e+02,
       1.7751556396484375e+02, 1.7437733459472656e+02,
       1.9498776245117188e+02, 1.7443692016601562e+02,
       2.1217407226562500e+02, 1.7425773620605469e+02,
       2.2844807434082031e+02, 1.7413702392578125e+02,
       2.4469578552246094e+02, 1.7388125610351562e+02,
       2.6021347045898438e+02, 1.7365499877929688e+02,
       2.7528811645507812e+02, 1.7354846191406250e+02,
       1.2318321228027344e+02, 1.9307539367675781e+02,
       1.4248661804199219e+02, 1.9252624511718750e+02,
       1.6119895935058594e+02, 1.9202404785156250e+02,
       1.7920108032226562e+02, 1.9174389648437500e+02,
       1.9680317687988281e+02, 1.9129908752441406e+02,
       2.1397691345214844e+02, 1.9082348632812500e+02,
       2.3021134948730469e+02, 1.9044775390625000e+02,
       2.4637643432617188e+02, 1.9021086120605469e+02,
       2.6185943603515625e+02, 1.8973884582519531e+02,
       2.7700512695312500e+02, 1.8925805664062500e+02,
       1.2481103515625000e+02, 2.1114491271972656e+02,
       1.4404818725585938e+02, 2.1018476867675781e+02,
       1.6271037292480469e+02, 2.0962432861328125e+02,
       1.8091496276855469e+02, 2.0896994018554688e+02,
       1.9841911315917969e+02, 2.0815426635742188e+02,
