%YAML:1.0
cameraMatrix: !!opencv-matrix
   rows: 3
   cols: 3
   dt: d
   data: [ 5.2361307207672758e+02, 0., 3.2041588747462299e+02, 0.,
       5.2441061958908688e+02, 2.4740997102549829e+02, 0., 0., 1. ]
imageSize_width: 640
imageSize_height: 480
sensorSize_width: 0
sensorSize_height: 0
distCoeffs: !!opencv-matrix
   rows: 5
   cols: 1
   dt: d
   data: [ 2.2551485378201702e-01, -7.1809812255653138e-01,
       5.3278776956702009e-04, -1.1657015355815920e-03,
       7.6807757171476665e-01 ]
reprojectionError: 1.2468391656875610e-01
features:
   - { points:[ 3.3608401489257812e+02, 2.7807125854492188e+02,
       3.0893029785156250e+02, 2.7734860229492188e+02,
       2.8113421630859375e+02, 2.7642684936523438e+02,
       2.5224551391601562e+02, 2.7565280151367188e+02,
       2.2236920166015625e+02, 2.7489773559570312e+02,
       1.9131448364257812e+02, 2.7398773193359375e+02,
       1.5913191223144531e+02, 2.7318435668945312e+02,
       1.2586443328857422e+02, 2.7222885131835938e+02,
       9.1242668151855469e+01, 2.7131311035156250e+02,
       5.5938999176025391e+01, 2.7027688598632812e+02,
       3.3769900512695312e+02, 2.5012525939941406e+02,
       3.1052758789062500e+02, 2.4888661193847656e+02,
       2.8252581787109375e+02, 2.4769427490234375e+02,
       2.5393562316894531e+02, 2.4648388671875000e+02,
       2.2395130920410156e+02, 2.4514959716796875e+02,
       1.9283853149414062e+02, 2.4374911499023438e+02,
       1.6046945190429688e+02, 2.4224890136718750e+02,
       1.2705756378173828e+02, 2.4084399414062500e+02,
       9.2487060546875000e+01, 2.3934075927734375e+02,
       5.7280570983886719e+01, 2.3775283813476562e+02,
       3.3935565185546875e+02, 2.2229983520507812e+02,
       3.1222460937500000e+02, 2.2065084838867188e+02,
       2.8416714477539062e+02, 2.1898863220214844e+02,
       2.5535783386230469e+02, 2.1721456909179688e+02,
       2.2529577636718750e+02, 2.1540321350097656e+02,
       1.9402413940429688e+02, 2.1352778625488281e+02,
       1.6184918212890625e+02, 2.1140765380859375e+02,
       1.2834736633300781e+02, 2.0938661193847656e+02,
       9.3741691589355469e+01, 2.0720724487304688e+02,
       5.8360198974609375e+01, 2.0505081176757812e+02,
       3.4092263793945312e+02, 1.9404229736328125e+02,
       3.1366323852539062e+02, 1.9222793579101562e+02,
       2.8561602783203125e+02, 1.8997180175781250e+02,
       2.5675390625000000e+02, 1.8765695190429688e+02,
       2.2657426452636719e+02, 1.8541950988769531e+02,
       1.9536857604980469e+02, 1.8287445068359375e+02,
       1.6301574707031250e+02, 1.8028897094726562e+02,
       1.2961506652832031e+02, 1.7775704956054688e+02,
       9.4859130859375000e+01, 1.7512597656250000e+02,
       5.9664875030517578e+01, 1.7245968627929688e+02,
       3.4254058837890625e+02, 1.6561248779296875e+02,
       3.1529019165039062e+02, 1.6332829284667969e+02,
       2.8702679443359375e+02, 1.6066986083984375e+02,
       2.5809454345703125e+02, 1.5791111755371094e+02,
       2.2781535339355469e+02, 1.5504699707031250e+02,
       1.9651460266113281e+02, 1.5206188964843750e+02,
       1.6420321655273438e+02, 1.4888040161132812e+02,
       1.3062994384765625e+02, 1.4569433593750000e+02,
       9.6114166259765625e+01, 1.4258464050292969e+02,
       6.0598991394042969e+01, 1.3945031738281250e+02,
       3.4426879882812500e+02, 1.3683934020996094e+02,
       3.1671218872070312e+02, 1.3408985900878906e+02,
       2.8837887573242188e+02, 1.3116310119628906e+02,
       2.5928173828125000e+02, 1.2780789184570312e+02,
       2.2907148742675781e+02, 1.2446397399902344e+02,
       1.9769654846191406e+02, 1.2096425628662109e+02,
       1.6532183837890625e+02, 1.1736894226074219e+02,
       1.3180137634277344e+02, 1.1373972320556641e+02,
       9.7343139648437500e+01, 1.1007649230957031e+02,
       6.1969669342041016e+01, 1.0643970489501953e+02,
       3.4584750366210938e+02, 1.0760945892333984e+02,
       3.1828030395507812e+02, 1.0430924987792969e+02,
       2.8976998901367188e+02, 1.0085330200195312e+02,
       2.6057028198242188e+02, 9.7311050415039062e+01,
       2.3014617919921875e+02, 9.3430862426757812e+01,
       1.9867230224609375e+02, 8.9541656494140625e+01,
       1.6647332763671875e+02, 8.5415725708007812e+01,
       1.3292498779296875e+02, 8.1352806091308594e+01,
       9.8473861694335938e+01, 7.7182342529296875e+01,
       6.3254409790039062e+01, 7.3143898010253906e+01 ] }
   - { points:[ 3.9872055053710938e+02, 2.8432092285156250e+02,
       3.7170449829101562e+02, 2.8364822387695312e+02,
       3.4485360717773438e+02, 2.8292193603515625e+02,
       3.1789642333984375e+02, 2.8220156860351562e+02,
       2.9022186279296875e+02, 2.8170144653320312e+02,
       2.6201074218750000e+02, 2.8128686523437500e+02,
       2.3343746948242188e+02, 2.8071118164062500e+02,
       2.0404164123535156e+02, 2.8008862304687500e+02,
       1.7390812683105469e+02, 2.7971902465820312e+02,
       1.4334741210937500e+02, 2.7915585327148438e+02,
       4.0280313110351562e+02, 2.5993624877929688e+02,
       3.7541799926757812e+02, 2.5934567260742188e+02,
       3.4784594726562500e+02, 2.5838568115234375e+02,
       3.2024884033203125e+02, 2.5755297851562500e+02,
       2.9213946533203125e+02, 2.5690167236328125e+02,
       2.6321524047851562e+02, 2.5600875854492188e+02,
       2.3390051269531250e+02, 2.5537142944335938e+02,
       2.0388043212890625e+02, 2.5464392089843750e+02,
       1.7296922302246094e+02, 2.5375959777832031e+02,
       1.4176176452636719e+02, 2.5277789306640625e+02,
       4.0715197753906250e+02, 2.3493569946289062e+02,
       3.7926824951171875e+02, 2.3387878417968750e+02,
       3.5105496215820312e+02, 2.3285223388671875e+02,
       3.2273910522460938e+02, 2.3190248107910156e+02,
       2.9385537719726562e+02, 2.3095722961425781e+02,
       2.6433911132812500e+02, 2.2987246704101562e+02,
       2.3431481933593750e+02, 2.2882273864746094e+02,
       2.0359983825683594e+02, 2.2756318664550781e+02,
       1.7193435668945312e+02, 2.2642846679687500e+02,
       1.3972322082519531e+02, 2.2529313659667969e+02,
       4.1180853271484375e+02, 2.0839636230468750e+02,
       3.8327020263671875e+02, 2.0736206054687500e+02,
       3.5440039062500000e+02, 2.0614004516601562e+02,
       3.2546566772460938e+02, 2.0495011901855469e+02,
       2.9570629882812500e+02, 2.0370161437988281e+02,
       2.6552136230468750e+02, 2.0236856079101562e+02,
       2.3477655029296875e+02, 2.0096220397949219e+02,
       2.0307452392578125e+02, 1.9938468933105469e+02,
       1.7068988037109375e+02, 1.9783703613281250e+02,
       1.3775271606445312e+02, 1.9626605224609375e+02,
       4.1683352661132812e+02, 1.8051660156250000e+02,
       3.8747180175781250e+02, 1.7929476928710938e+02,
       3.5792147827148438e+02, 1.7784777832031250e+02,
       3.2806094360351562e+02, 1.7638555908203125e+02,
       2.9764199829101562e+02, 1.7491638183593750e+02,
       2.6657489013671875e+02, 1.7324232482910156e+02,
       2.3502999877929688e+02, 1.7138461303710938e+02,
       2.0256907653808594e+02, 1.6954827880859375e+02,
       1.6926751708984375e+02, 1.6773146057128906e+02,
       1.3552416992187500e+02, 1.6579966735839844e+02,
       4.2227838134765625e+02, 1.5114404296875000e+02,
       3.9211355590820312e+02, 1.4945112609863281e+02,
       3.6166552734375000e+02, 1.4785171508789062e+02,
       3.3102917480468750e+02, 1.4619151306152344e+02,
       2.9967706298828125e+02, 1.4431881713867188e+02,
       2.6781167602539062e+02, 1.4241215515136719e+02,
       2.3538798522949219e+02, 1.4019581604003906e+02,
       2.0195669555664062e+02, 1.3803579711914062e+02,
       1.6778544616699219e+02, 1.3578509521484375e+02,
       1.3304583740234375e+02, 1.3338774108886719e+02,
       4.2781903076171875e+02, 1.1964456176757812e+02,
       3.9699426269531250e+02, 1.1774501800537109e+02,
       3.6559951782226562e+02, 1.1596299743652344e+02,
       3.3392752075195312e+02, 1.1383603668212891e+02,
       3.0182952880859375e+02, 1.1178517913818359e+02,
