%YAML:1.0
cameraMatrix: !!opencv-matrix
   rows: 3
   cols: 3
   dt: d
   data: [ 5.1839753836462853e+02, 0., 3.2144734519763563e+02, 0.,
       5.1904632734321569e+02, 2.4470950538795267e+02, 0., 0., 1. ]
imageSize_width: 640
imageSize_height: 480
sensorSize_width: 0
sensorSize_height: 0
distCoeffs: !!opencv-matrix
   rows: 5
   cols: 1
   dt: d
   data: [ 2.0613968625211357e-01, -6.5344453480318310e-01,
       -1.0872081684573547e-03, -1.7356930775433504e-03,
       6.7541047433534629e-01 ]
reprojectionError: 2.1796831488609314e-01
features:
   - { points:[ 4.0848425292968750e+02, 2.7624133300781250e+02,
       3.9092660522460938e+02, 2.7555651855468750e+02,
       3.7375735473632812e+02, 2.7489346313476562e+02,
       3.5713406372070312e+02, 2.7409872436523438e+02,
       3.4056256103515625e+02, 2.7353329467773438e+02,
       3.2433419799804688e+02, 2.7293112182617188e+02,
       3.0855926513671875e+02, 2.7227255249023438e+02,
       2.9287072753906250e+02, 2.7170715332031250e+02,
       2.7737011718750000e+02, 2.7116079711914062e+02,
       2.6210290527343750e+02, 2.7049957275390625e+02,
       4.0890921020507812e+02, 2.5878912353515625e+02,
       3.9135650634765625e+02, 2.5818362426757812e+02,
       3.7407675170898438e+02, 2.5771835327148438e+02,
       3.5742788696289062e+02, 2.5725390625000000e+02,
       3.4092947387695312e+02, 2.5671972656250000e+02,
       3.2476184082031250e+02, 2.5622149658203125e+02,
       3.0887030029296875e+02, 2.5571591186523438e+02,
       2.9317495727539062e+02, 2.5532423400878906e+02,
       2.7770080566406250e+02, 2.5484812927246094e+02,
       2.6254531860351562e+02, 2.5431376647949219e+02,
       4.0925616455078125e+02, 2.4145982360839844e+02,
       3.9166665649414062e+02, 2.4108029174804688e+02,
       3.7441241455078125e+02, 2.4071069335937500e+02,
       3.5778829956054688e+02, 2.4027124023437500e+02,
       3.4126882934570312e+02, 2.4000575256347656e+02,
       3.2501654052734375e+02, 2.3963021850585938e+02,
       3.0920193481445312e+02, 2.3938871765136719e+02,
       2.9337011718750000e+02, 2.3903054809570312e+02,
       2.7799240112304688e+02, 2.3859927368164062e+02,
       2.6276794433593750e+02, 2.3817105102539062e+02,
       4.0972833251953125e+02, 2.2390025329589844e+02,
       3.9199441528320312e+02, 2.2389773559570312e+02,
       3.7482418823242188e+02, 2.2368453979492188e+02,
       3.5797265625000000e+02, 2.2348030090332031e+02,
       3.4158789062500000e+02, 2.2327467346191406e+02,
       3.2535205078125000e+02, 2.2316213989257812e+02,
       3.0937850952148438e+02, 2.2283210754394531e+02,
       2.9366525268554688e+02, 2.2260766601562500e+02,
       2.7820257568359375e+02, 2.2234515380859375e+02,
       2.6302395629882812e+02, 2.2214739990234375e+02,
       4.1003607177734375e+02, 2.0652262878417969e+02,
       3.9239193725585938e+02, 2.0643000793457031e+02,
       3.7524163818359375e+02, 2.0647869873046875e+02,
       3.5835046386718750e+02, 2.0638121032714844e+02,
       3.4183694458007812e+02, 2.0644174194335938e+02,
       3.2561209106445312e+02, 2.0630455017089844e+02,
       3.0965463256835938e+02, 2.0625920104980469e+02,
       2.9392352294921875e+02, 2.0609739685058594e+02,
       2.7847744750976562e+02, 2.0613090515136719e+02,
       2.6306460571289062e+02, 2.0591145324707031e+02,
       4.1049679565429688e+02, 1.8895606994628906e+02,
       3.9294711303710938e+02, 1.8915449523925781e+02,
       3.7570391845703125e+02, 1.8923469543457031e+02,
       3.5879214477539062e+02, 1.8944082641601562e+02,
       3.4219128417968750e+02, 1.8962664794921875e+02,
       3.2586291503906250e+02, 1.8965112304687500e+02,
       3.0990963745117188e+02, 1.8973356628417969e+02,
       2.9420007324218750e+02, 1.8976860046386719e+02,
       2.7856604003906250e+02, 1.8969155883789062e+02,
       2.6339410400390625e+02, 1.8980067443847656e+02,
       4.1110580444335938e+02, 1.7128489685058594e+02,
       3.9341342163085938e+02, 1.7165615844726562e+02,
       3.7606655883789062e+02, 1.7194039916992188e+02,
       3.5926553344726562e+02, 1.7214532470703125e+02,
       3.4254028320312500e+02, 1.7249728393554688e+02,
       3.2616268920898438e+02, 1.7272956848144531e+02,
       3.1019174194335938e+02, 1.7296823120117188e+02,
       2.9442736816406250e+02, 1.7303820800781250e+02,
       2.7891894531250000e+02, 1.7333041381835938e+02,
       2.6349578857421875e+02, 1.7323231506347656e+02 ] }
   - { points:[ 2.8387814331054688e+02, 2.9494531250000000e+02,
       2.5714654541015625e+02, 2.9448062133789062e+02,
       2.3053668212890625e+02, 2.9414877319335938e+02,
       2.0406117248535156e+02, 2.9382620239257812e+02,
       1.7783335876464844e+02, 2.9355685424804688e+02,
       1.5176199340820312e+02, 2.9327191162109375e+02,
       1.2598577117919922e+02, 2.9277777099609375e+02,
       1.0042964172363281e+02, 2.9240881347656250e+02,
       7.5340461730957031e+01, 2.9202725219726562e+02,
       5.0595493316650391e+01, 2.9163781738281250e+02,
       2.8417459106445312e+02, 2.6760079956054688e+02,
       2.5745928955078125e+02, 2.6726834106445312e+02,
       2.3098353576660156e+02, 2.6700253295898438e+02,
       2.0457690429687500e+02, 2.6677053833007812e+02,
       1.7829370117187500e+02, 2.6645562744140625e+02,
       1.5220776367187500e+02, 2.6625939941406250e+02,
       1.2645067596435547e+02, 2.6598516845703125e+02,
       1.0082485198974609e+02, 2.6589242553710938e+02,
       7.5804420471191406e+01, 2.6564248657226562e+02,
       5.1084320068359375e+01, 2.6525784301757812e+02,
       2.8445980834960938e+02, 2.4021543884277344e+02,
       2.5781674194335938e+02, 2.4001951599121094e+02,
       2.3113198852539062e+02, 2.3993644714355469e+02,
       2.0498059082031250e+02, 2.3975166320800781e+02,
       1.7876185607910156e+02, 2.3971340942382812e+02,
       1.5260578918457031e+02, 2.3955877685546875e+02,
       1.2687055206298828e+02, 2.3942460632324219e+02,
       1.0136325073242188e+02, 2.3931088256835938e+02,
       7.6150215148925781e+01, 2.3921070861816406e+02,
       5.1561408996582031e+01, 2.3906199645996094e+02,
       2.8468344116210938e+02, 2.1317390441894531e+02,
       2.5790487670898438e+02, 2.1320034790039062e+02,
       2.3142100524902344e+02, 2.1315879821777344e+02,
       2.0507589721679688e+02, 2.1306948852539062e+02,
       1.7887333679199219e+02, 2.1306367492675781e+02,
       1.5281182861328125e+02, 2.1297666931152344e+02,
       1.2706802368164062e+02, 2.1296316528320312e+02,
       1.0170352935791016e+02, 2.1283493041992188e+02,
       7.6554832458496094e+01, 2.1287774658203125e+02,
       5.1920307159423828e+01, 2.1279280090332031e+02,
       2.8485870361328125e+02, 1.8586775207519531e+02,
       2.5808541870117188e+02, 1.8596617126464844e+02,
       2.3151797485351562e+02, 1.8605029296875000e+02,
       2.0534841918945312e+02, 1.8604515075683594e+02,
       1.7902874755859375e+02, 1.8614321899414062e+02,
       1.5304272460937500e+02, 1.8627334594726562e+02,
       1.2746356964111328e+02, 1.8621736145019531e+02,
       1.0206900787353516e+02, 1.8646762084960938e+02,
       7.6851699829101562e+01, 1.8655804443359375e+02,
       5.2344211578369141e+01, 1.8679013061523438e+02,
       2.8502050781250000e+02, 1.5845933532714844e+02,
       2.5826211547851562e+02, 1.5889889526367188e+02,
       2.3160813903808594e+02, 1.5903872680664062e+02,
       2.0540588378906250e+02, 1.5927465820312500e+02,
       1.7913667297363281e+02, 1.5940098571777344e+02,
       1.5328279113769531e+02, 1.5959866333007812e+02,
       1.2769516754150391e+02, 1.5978346252441406e+02,
       1.0234090423583984e+02, 1.6002584838867188e+02,
       7.7323860168457031e+01, 1.6027870178222656e+02,
       5.2700759887695312e+01, 1.6069157409667969e+02,
       2.8502984619140625e+02, 1.3095738220214844e+02,
       2.5827578735351562e+02, 1.3143389892578125e+02,
       2.3165457153320312e+02, 1.3181903076171875e+02,
       2.0546595764160156e+02, 1.3201106262207031e+02,
       1.7938874816894531e+02, 1.3240257263183594e+02,
